#name, statistic, pvalue, params
invgamma, 0.0399, 0.5455, (1.7011045913963296, -1.9219314097449223, 24.80183626517045)
genextreme, 0.0402, 0.5390, (-0.6606549346296489, 11.751461379098739, 10.02774818138164)
invweibull, 0.0402, 0.5389, (1.513651158491424, -3.427034616838549, 15.178521452314232)
fisk, 0.0408, 0.5188, (1.5113960252392935, 1.6759331903665848, 14.650566854628266)
geninvgauss, 0.0417, 0.4900, (-0.7573990240529336, 0.6382129045647412, -0.422039702664045, 37.84698610909447)
nct, 0.0420, 0.4816, (1.507926767272556, 16.308757054219694, -4.897309033473148, 0.992647880263676)
genhyperbolic, 0.0423, 0.4722, (-0.5927572067842495, 8.686464425932613, 8.665682438900461, 0.4207353898364934, 2.169337483108113)
ncf, 0.0427, 0.4608, (8.853799486790043, 3.6460929596109897, 4.1591437981407773e-07, -0.05743992576756973, 14.526818617127091)
lognorm, 0.0437, 0.4301, (1.0868516643863044, 1.1199124552107438, 15.480070108310128)
johnsonsu, 0.0439, 0.4248, (-5.253817730951795, 0.9202392860702404, 1.1192999853874825, 0.10256947972559119)
exponweib, 0.0443, 0.4121, (10.221482335839045, 0.37061723359112175, 1.2922019396466844, 1.0257397153669645)
norminvgauss, 0.0444, 0.4110, (39.90021006431756, 39.89489147534909, -0.08040611406624576, 0.4719065762392045)
powerlognorm, 0.0444, 0.4104, (1.217677320900103, 1.1628311527456192, 1.2042487513370066, 18.72833397832319)
betaprime, 0.0452, 0.3892, (1.469191747939072, 2.4586249296389564, 1.791680981219904, 27.74462435778497)
invgauss, 0.0455, 0.3807, (1.5569617837831036, -0.03149895239327915, 18.529927070743646)
johnsonsb, 0.0457, 0.3738, (4.024322818066562, 0.8936439585967095, 1.1990640139245619, 1413.1594516074865)
f, 0.0458, 0.3720, (2.908571327442468, 4.994672874294828, 1.7912215712491362, 16.66370143700314)
foldcauchy, 0.0459, 0.3696, (0.6508092529211167, 1.9999999988599477, 11.899790795148764)
burr12, 0.0474, 0.3305, (1.2408306452216225, 1.7498706945148408, 1.89370435446238, 26.733207206772345)
studentized_range, 0.0497, 0.2780, (2.0000017040769467, 1.657408955300955, 1.9999978757825878, 12.419736595525194)
fatiguelife, 0.0498, 0.2766, (1.15705414143061, 0.5009792805791251, 17.084512620959828)
gilbrat, 0.0500, 0.2714, (0.7088808430914054, 16.193022694331074)
kappa3, 0.0565, 0.1577, (1.8044779706033673, 1.9999999995531133, 17.531616483785783)
mielke, 0.0591, 0.1237, (0.9657968399370165, 1.8109408738639745, 1.9999999958877284, 25.46544743908482)
burr, 0.0615, 0.0988, (1.7679339101824367, 0.5482190103692558, 1.9999995405118776, 24.918809813388435)
recipinvgauss, 0.0644, 0.0744, (2.378212790552385, 1.2461358934474605, 19.410822196724794)
wald, 0.0665, 0.0593, (-1.2489994940315101, 27.974357784121842)
skewcauchy, 0.0717, 0.0336, (0.9999785023215333, 2.0000003946842115, 7.133533812102598)
halfcauchy, 0.0723, 0.0317, (1.9999999998289244, 14.23013377993544)
gengamma, 0.0723, 0.0316, (1.1898490393978813, 0.7752405031365365, 1.9999999999999998, 19.84737801796453)
gengamma, 0.0723, 0.0316, (1.1898490393978813, 0.7752405031365365, 1.9999999999999998, 19.84737801796453)
genpareto, 0.0749, 0.0235, (0.26559586323917905, 1.999999999992819, 19.70716299062242)
levy_stable, 0.0788, 0.0145, (1.0998595491333578, 0.9975408749437122, 53.91712898459723, 6.610711502400242)
beta, 0.0803, 0.0121, (1.2947232762983427, 89902114868998.34, 1.8164997181119533, 1500997758918264.5)
halfgennorm, 0.0807, 0.0114, (0.6909051718068544, 1.9999999999995932, 12.967931711325281)
weibull_min, 0.0869, 0.0051, (0.8367036471066369, 1.9999999999999998, 25.06383739682375)
pearson3, 0.0910, 0.0028, (2.1091331781851084, 23.183114858486277, 22.33900518266968)
erlang, 0.0993, 0.0008, (0.7299507870127786, 1.9999999999999998, 37.21283080867927)
expon, 0.1057, 0.0003, (2.0, 26.818877551020407)
laplace_asymmetric, 0.1057, 0.0003, (4.1480628282094186e-05, 1.9999997942751502, 0.0011125360120577648)
genexpon, 0.1057, 0.0003, (1.8091067493917952, 1.3081944557096201, 4.0334584681716624e-08, 1.9997998590729607, 48.52792762381176)
exponnorm, 0.1068, 0.0002, (62.3337007598669, 2.0925532995660774, 0.428762014963736)
lomax, 0.1070, 0.0002, (20.915034317585253, 1.9998134717578893, 556.9832811427104)
ncx2, 0.1077, 0.0002, (1.8171061646936892, 0.3158584220767669, 1.9999999999999998, 13.287358211091485)
gompertz, 0.1105, 0.0001, (836507219672.2882, 1.9999999999972182, 22805015028124.824)
loglaplace, 0.1208, 0.0000, (0.9922953002406133, 1.9999999999999998, 11.369687666896327)
chi, 0.1311, 0.0000, (0.5512680688329794, 1.9999999999999996, 58.175730418212765)
moyal, 0.1413, 0.0000, (13.73009707451843, 9.83798053953145)
alpha, 0.1486, 0.0000, (1.1129196802239452e-08, -0.017595001563190354, 7.997099302249697)
genlogistic, 0.1509, 0.0000, (2669.27299550938, -119.67808630155625, 17.242991023701308)
gumbel_r, 0.1513, 0.0000, (16.37938222551891, 17.248439274803612)
exponpow, 0.1688, 0.0000, (0.5251117075046208, 1.9999999999999998, 72.23109448304854)
halflogistic, 0.1760, 0.0000, (1.999999943023401, 20.01599007234008)
gausshyper, 0.1764, 0.0000, (0.42661941445591933, 2.3400368517289354, 1.8447001730190054, 0.8326567842228776, 1.9999999999999998, 377.94308396383144)
levy, 0.1935, 0.0000, (1.1003400051166048, 8.625131813785313)
t, 0.1938, 0.0000, (1.2568110532023962, 14.178624567884878, 9.516224446693371)
tukeylambda, 0.1988, 0.0000, (-0.6967550067599615, 13.902630111274359, 4.330523793269533)
cauchy, 0.2028, 0.0000, (13.401597402417082, 8.44023271116215)
genhalflogistic, 0.2058, 0.0000, (0.028300516629034697, 1.999999996116769, 22.44192451489307)
logistic, 0.2086, 0.0000, (21.941355195766267, 14.95443979934073)
nakagami, 0.2099, 0.0000, (0.28191579149064017, 1.9999999999999998, 56.072589969381326)
kstwobign, 0.2101, 0.0000, (-57.790748201222996, 103.07078267000318)
hypsecant, 0.2146, 0.0000, (19.863428823554635, 17.03851975924212)
vonmises_line, 0.2231, 0.0000, (9.624264394969025, 26.955679392031854, 99.96355848978146)
maxwell, 0.2281, 0.0000, (-39.338170044407256, 44.85388201536407)
dgamma, 0.2355, 0.0000, (0.7666657024693087, 14.000000000000004, 23.14364778705357)
crystalball, 0.2360, 0.0000, (7.221978212098927, 5688.225769557528, 28.818877990366197, 37.285786945739744)
norm, 0.2360, 0.0000, (28.818877551020407, 37.28578750355846)
rdist, 0.2361, 0.0000, (87928.84994200346, 28.827094435926583, 11065.44519998764)
rice, 0.2436, 0.0000, (0.0013379150932954485, -21.18402657567811, 44.105061029379186)
rayleigh, 0.2436, 0.0000, (-21.183997910074684, 44.105087598474974)
gennorm, 0.2460, 0.0000, (0.5198882228800119, 11.9999999972088, 3.917563198075651)
laplace, 0.2488, 0.0000, (16.0, 20.053571428571427)
loggamma, 0.2555, 0.0000, (2082.1070928120207, -13824.629565609393, 1812.96397245569)
skewnorm, 0.2862, 0.0000, (28656941.80125992, 1.9999923325647235, 45.92516004659325)
halfnorm, 0.2863, 0.0000, (1.9999999999255897, 45.92925051037993)
foldnorm, 0.2863, 0.0000, (0.0253315303711159, 1.999999999692324, 45.91927351673242)
pareto, 0.2973, 0.0000, (0.46303537419740326, -8.813664148555421e-05, 2.000088132787844)
dweibull, 0.3007, 0.0000, (0.733690359248091, 9.999999999999996, 20.115694656317537)
bradford, 0.3016, 0.0000, (116.45154759895951, 1.9999997955621387, 409.97572016908475)
powerlaw, 0.3209, 0.0000, (0.3078552712030931, 1.9999999999999998, 351.4470654689535)
cosine, 0.3755, 0.0000, (49.70067589434287, 50.76348678390491)
gumbel_l, 0.3996, 0.0000, (52.451853735917766, 74.97272197886898)
anglit, 0.4449, 0.0000, (64.12232803034013, 183.86785949249764)
chi2, 0.4699, 0.0000, (0.678208175656382, 1.9999999999999998, 12.883662937464187)
wrapcauchy, 0.4948, 0.0000, (0.7655481977444827, 1.9987132775364067, 53.953738416372275)
semicircular, 0.5067, 0.0000, (73.18473268815899, 108.03829713947665)
triang, 0.5113, 0.0000, (0.14991833404327892, -52.10599120168621, 394.25459526070483)
truncexpon, 0.5231, 0.0000, (1.4091944345716896, -27.77774136685197, 261.69400922942816)
argus, 0.5381, 0.0000, (8.249068128263205e-08, -217.58922394875339, 559.0001332557408)
arcsine, 0.6176, 0.0000, (1.9999999999999998, 346.68414410835993)
levy_l, 0.6404, 0.0000, (351.34922026913773, 293.16048554290523)
kappa4, 0.6885, 0.0000, (1.1009380734332135, 0.9716158477604917, -31.227056363888856, 361.9231881475157)
kappa4, 0.6885, 0.0000, (1.1009380734332135, 0.9716158477604917, -31.227056363888856, 361.9231881475157)
kappa4, 0.6885, 0.0000, (1.1009380734332135, 0.9716158477604917, -31.227056363888856, 361.9231881475157)
kappa4, 0.6885, 0.0000, (1.1009380734332135, 0.9716158477604917, -31.227056363888856, 361.9231881475157)
uniform, 0.7193, 0.0000, (2.0, 339.0)
ksone, 0.7197, 0.0000, (1.0212671803200384, 1.999993407995047, 340.08352630989907)
gamma, 0.7566, 0.0000, (0.13947677140093323, 1.9999999999999996, 16.226148260410284)
loguniform, 1.0000, 0.0000, (0.9015482215897133, 1.6009849280375819, 0.0021890907748951093, 7.134297062689321e-31)
powernorm, 1.0000, 0.0000, (1.595107989657696e-05, -21.15297952476179, 0.17625501005237373)
reciprocal, 1.0000, 0.0000, (0.9015482215897133, 1.6009849280375819, 0.0021890907748951093, 7.134297062689321e-31)
trapezoid, 0.8568, 0.0000, (1.0, 1.0, -33.495, 406.8)
truncnorm, 1.0000, 0.0000, (0.9015482215897133, 1.6009849280375819, 0.0021890907748951093, 7.134297062689321e-31)
truncnorm, 1.0000, 0.0000, (0.9015482215897133, 1.6009849280375819, 0.0021890907748951093, 7.134297062689321e-31)
vonmises, 9154571126268844597155192635392.0000, 0.0000, (2.067802404112374, 6.635045397814123, 5.8130342304003046e-30)
weibull_max, 0.8676, 0.0000, (0.15944856871064195, 341.00000000000006, 1.6866386297125517)
