name, statistic, pvalue, params
genhyperbolic, 0.0335, 0.9101, (0.25919065794193863, 1.654602970591585, 1.599311108818708, -0.23507638375107665, 41.03365895992642)
geninvgauss, 0.0505, 0.4754, (-1.8767347358849844, 0.8541639342124159, -130.0425412583159, 1483.456781536407)
invgamma, 0.0516, 0.4495, (2.406951641355261, -139.88904312066637, 785.3427017140918)
exponweib, 0.0533, 0.4072, (91.4940125783832, 0.3091456533615342, -110.87443375132699, 2.0905122069441155)
invgauss, 0.0549, 0.3720, (0.8201809879990001, -109.8021919897889, 623.5226560800661)
johnsonsu, 0.0552, 0.3660, (-2.3336992857751517, 0.8982790315161839, -13.170731349304223, 35.11665982399831)
johnsonsb, 0.0574, 0.3198, (7.8610749109239535, 1.2210765555113543, -93.9862691002104, 217484.2148522829)
gengamma, 0.0597, 0.2753, (11.133852813480122, 0.3531539413458338, -86.19923513166714, 0.41441014355273376)
gengamma, 0.0597, 0.2753, (11.133852813480122, 0.3531539413458338, -86.19923513166714, 0.41441014355273376)
fatiguelife, 0.0621, 0.2343, (0.8470418269306332, -106.34997097094532, 375.6543460276707)
alpha, 0.0643, 0.2017, (2.036289055768355, -273.1866966816457, 1037.7919437640908)
genexpon, 0.0699, 0.1335, (0.035718930499510665, 0.7970049767793169, 4.332930546327532, -79.00000001920847, 342.05055745192675)
exponnorm, 0.0733, 0.1024, (15.49343479043781, -3.6672210234235525, 26.157315182367753)
gilbrat, 0.0818, 0.0496, (-85.04723042655284, 334.81424101172297)
beta, 0.0824, 0.0471, (1.4197261844398397, 3622430143795.2197, -80.25000047163385, 1232858733689286.5)
erlang, 0.0860, 0.0338, (2.1998675576812925, -116.20455344067454, 211.6048149899234)
halflogistic, 0.1079, 0.0033, (-79.00000000006702, 342.72772890673446)
genhalflogistic, 0.1080, 0.0032, (5.877887191646194e-11, -79.0836945386843, 342.73101590763963)
genlogistic, 0.1217, 0.0006, (1922.2423379648646, -1769.908734006552, 263.09611951890815)
gumbel_r, 0.1219, 0.0006, (219.49295889315508, 262.7146972768419)
chi, 0.1299, 0.0002, (0.8200435185865081, -79.00000000000001, 754.0419550023789)
halfgennorm, 0.1412, 0.0000, (1.057146687911796, -79.0000000068766, 518.0783309194569)
kappa4, 0.1419, 0.0000, (0.8698314650976569, -0.21662583304881305, -26.16548638177789, 384.9942012952472)
expon, 0.1472, 0.0000, (-79.0, 480.5992647058824)
exponpow, 0.1590, 0.0000, (0.7204861211704741, -79.00000000000001, 952.2571916725461)
gompertz, 0.1686, 0.0000, (123285580242.1798, -79.0000000000492, 51820251086809.2)
halfnorm, 0.1751, 0.0000, (-79.00000000006136, 709.6179866728992)
foldnorm, 0.1751, 0.0000, (0.0013781773764712816, -79.00000000006565, 709.6180140352262)
hypsecant, 0.1876, 0.0000, (288.07046294768037, 256.2822013880929)
dgamma, 0.2079, 0.0000, (1.0258369738685724, 251.18606100523823, 296.6976867909133)
cauchy, 0.2081, 0.0000, (192.21731520131988, 158.78690140074582)
dweibull, 0.2268, 0.0000, (0.7906286394575539, 177.00000000000006, 259.45693004583063)
gennorm, 0.2286, 0.0000, (0.6200362511373538, 176.99999999980753, 109.13548446828858)
gausshyper, 0.2583, 0.0000, (0.5008486678334634, 0.9619943488006295, 2.1126368296319735, 0.8370208287392236, -79.00000000000001, 3836.0115563496906)
burr12, 0.3028, 0.0000, (206.87322531039965, 0.0035849768021895935, -204.55886973020623, 126.07107432244561)
gumbel_l, 0.3577, 0.0000, (725.5399687990919, 923.3632460255739)
crystalball, 0.3631, 0.0000, (66357.17591486636, 6.579970901037017, 163.60615407783337, 515.7358479611719)
cosine, 0.3931, 0.0000, (821.3297914283078, 923.9136075315843)
anglit, 0.3995, 0.0000, (807.6149808220514, 2256.903171832834)
betaprime, 0.4594, 0.0000, (3.0011068927110705, 0.2268470996310275, -79.64981972408752, 1.3141649147014334)
burr, 0.4972, 0.0000, (0.2714360541272375, 3.5828205562343376, -79.00000000000003, 0.2449549600025786)
bradford, 0.5283, 0.0000, (2.2256790452114568, -79.00000650985682, 3771.000078138242)
arcsine, 0.5770, 0.0000, (-79.00000000000001, 3860.0065996903586)
f, 0.6101, 0.0000, (0.3051767803129206, 0.24233987935695261, -79.00000000000001, 3.225982229026707)
invweibull, 0.6624, 0.0000, (0.2718336217434588, -79.00853542383854, 2.584286647451332)
argus, 0.7094, 0.0000, (3.882455823711849e-12, -783.8967599977948, 4477.768407474747)
fisk, 0.7454, 0.0000, (0.3128453078365002, -79.00000000000001, 2.043276590181945)
genpareto, 0.7635, 0.0000, (4.3104663064647095, -79.00000000086749, 0.5294815549730338)
genextreme, 0.9208, 0.0000, (-2.3597792312337242, -78.85080576887614, 0.3726819857448423)
chi2, 0.9963, 0.0000, (0.059301607645119436, -79.00000000000001, 1.8863405638328177)
foldcauchy, 0.9774, 0.0000, (8.864727261375466e-07, -79.00001610532908, 1.9029778841981)
gamma, 0.9963, 0.0000, (0.005993350999922693, -79.00000000000001, 3.778694766963259)
halfcauchy, 0.9796, 0.0000, (-79.00004145127208, 1.6836336034746182)
mielke, nan, nan, (465.7820630964013, 1.9781102986439365, -195.99339165934245, 22.49710587435917)
wald, 0.0555, 0.3580, (-103.50445806765819, 528.3860819371394)
studentized_range, 0.0592, 0.2840, (88.64384793562922, 1.9443539366648044, -182.71025860936277, 69.7650416312855)
norminvgauss, 0.0668, 0.1685, (2.587600883488347, 2.5339273281655297, 0.10650000730285938, 83.0738591273875)
recipinvgauss, 0.0710, 0.1227, (0.8961592307531936, -100.64468200883084, 237.36957574663626)
skewcauchy, 0.0719, 0.1148, (0.9223120919768897, 14.18181591965209, 116.9781229479007)
laplace_asymmetric, 0.0724, 0.1102, (0.20911824406974888, 13.999999999810768, 84.76068304569978)
pearson3, 0.0824, 0.0471, (1.672673010755097, 401.59927311969193, 403.0228676220996)
levy_stable, 0.0853, 0.0361, (1.0967245226038198, 0.9937865049107728, 942.5455797261347, 120.0095238860427)
nct, 0.0982, 0.0098, (1.200659592821303, 1.7243109936823213, -0.222986421398857, 91.6835526978215)
moyal, 0.1102, 0.0025, (175.69331908546926, 153.25627608055592)
weibull_min, 0.1116, 0.0021, (1.1232928378753315, -79.28054277121458, 504.93282816233113)
nakagami, 0.1223, 0.0005, (0.4237804523122003, -79.00000000000001, 658.9025595314058)
kappa4, 0.1419, 0.0000, (0.8698314650976569, -0.21662583304881305, -26.16548638177789, 384.9942012952472)
kappa4, 0.1419, 0.0000, (0.8698314650976569, -0.21662583304881305, -26.16548638177789, 384.9942012952472)
kappa4, 0.1419, 0.0000, (0.8698314650976569, -0.21662583304881305, -26.16548638177789, 384.9942012952472)
kstwobign, 0.1623, 0.0000, (-862.7737641430482, 1496.6226240988126)
t, 0.1771, 0.0000, (1.9223445526535352, 235.91145323862483, 207.73281565726347)
lomax, 0.1779, 0.0000, (7.463904247944047, -79.00931390571753, 2928.1474424159587)
logistic, 0.1804, 0.0000, (313.867939145734, 219.46042304224562)
maxwell, 0.1820, 0.0000, (-569.4322989400121, 636.5230899603087)
tukeylambda, 0.1837, 0.0000, (-0.42181582552758634, 228.42545935271482, 107.70447624219184)
rayleigh, 0.1924, 0.0000, (-316.6520189060585, 627.8803538251025)
rice, 0.1924, 0.0000, (0.0006126876741352977, -316.65197303719873, 627.8802639875132)
vonmises_line, 0.1930, 0.0000, (6.045503506410688, 363.4894013414837, 1059.4978298206256)
skewnorm, 0.2059, 0.0000, (26.71970494939211, -26.04193826431611, 674.8774665614402)
rdist, 0.2087, 0.0000, (68630.3576808277, 402.0201232863966, 136888.2482603772)
norm, 0.2088, 0.0000, (401.5992647058824, 522.0944081570603)
laplace, 0.2167, 0.0000, (237.5, 304.0257352941176)
loggamma, 0.2266, 0.0000, (2695.5444074303014, -230063.7083319755, 29175.535976071085)
levy, 0.2946, 0.0000, (-90.16400800057149, 240.9065378069646)
powerlaw, 0.3586, 0.0000, (0.4180037563189307, -79.00000000000001, 3996.253711194036)
ncf, 0.4267, 0.0000, (0.023664843543351723, 1.7996960750320827, 2.350403730787683, -79.00004761584324, 2.1331759324645985)
truncexpon, 0.4503, 0.0000, (1.2371488060180171, -436.036477326194, 3336.7339945249005)
powerlognorm, 0.4861, 0.0000, (0.2329501305548245, 2.2915803894862767, -79.01018491167395, 1.9668216407074561)
semicircular, 0.4864, 0.0000, (1029.5137422869507, 1545.149229255426)
pareto, 0.4908, 0.0000, (0.20666555399713898, -81.87073808713477, 2.870737258846134)
triang, 0.4956, 0.0000, (0.026736331907830167, -92.65981979208715, 3802.309911020893)
wrapcauchy, 0.5122, 0.0000, (0.525, -79.0, 600.1732903995373)
levy_l, 0.6170, 0.0000, (3822.694233372436, 2966.558315967442)
uniform, 0.6551, 0.0000, (-79.0, 3771.0)
ksone, 0.6551, 0.0000, (1.1311664116520428, -79.00000281470324, 3771.000055571501)
kappa3, 0.6839, 0.0000, (0.28322774426343256, -79.0, 2.6430177432802378)
loglaplace, 0.7286, 0.0000, (0.20051477049119457, -79.00000000000001, 2.9142870045447973)
lognorm, 0.7509, 0.0000, (5.660253112341668, -79.00000000000001, 1.3464528257038046)
trapezoid, 0.8259, 0.0000, (1.0, 1.0, -478.90500000000003, 4525.2)
weibull_max, 0.8612, 0.0000, (0.11063357023423964, 3692.000000000001, 1.7823620468580006)
loguniform, 0.9816, 0.0000, (0.9015482215897133, 1.6009849280375819, 0.0021890907748951093, 7.134297062689321e-31)
ncx2, 0.9962, 0.0000, (6.479317476959737e-05, 1.3037157636022028, -79.00000000000001, 3.120481593057647)
powernorm, 1.0000, 0.0000, (1.4087500786895008e-05, -316.12013836596293, 2.3567364313365005)
reciprocal, 0.9816, 0.0000, (0.9015482215897133, 1.6009849280375819, 0.0021890907748951093, 7.134297062689321e-31)
truncnorm, 0.9816, 0.0000, (0.9015482215897133, 1.6009849280375819, 0.0021890907748951093, 7.134297062689321e-31)
truncnorm, 0.9816, 0.0000, (0.9015482215897133, 1.6009849280375819, 0.0021890907748951093, 7.134297062689321e-31)
vonmises, 6194464197055616946735794880512.0000, 0.0000, (1.9717346745491153, 159.18534539976739, 9.076893455520696e-29)
