name, statistic, pvalue, params
kappa3, 0.0341, 0.8989, (2.1643361361505615, 0.9999999904990531, 346.92927165758607)
gengamma, 0.0347, 0.8877, (5.15572223971321, 0.4076581115004829, -1.8556808980452395, 5.662573052444053)
gengamma, 0.0347, 0.8877, (5.15572223971321, 0.4076581115004829, -1.8556808980452395, 5.662573052444053)
exponweib, 0.0350, 0.8804, (3.170038642135164, 0.572101270944032, -1.3751658462200618, 114.75914886590391)
geninvgauss, 0.0353, 0.8738, (0.0996466654273599, 0.6684529689200346, -20.233812574831834, 254.59373439601757)
f, 0.0354, 0.8724, (2.6860400127982365, 8.087635706229932, 0.07202294264852788, 323.9904371871422)
fatiguelife, 0.0366, 0.8459, (1.0709177968423642, -25.136468402829852, 289.3266859047335)
burr12, 0.0367, 0.8449, (1.2245802623552469, 2.7303218042161843, 0.11418103650240582, 747.5103975673501)
betaprime, 0.0368, 0.8408, (1.3662777425933417, 4.3360686375407, -0.18651888200285965, 1032.2420236876728)
studentized_range, 0.0372, 0.8315, (2.0891908091736875, 2.24990983196422, -0.7650597464919041, 230.1709081712616)
recipinvgauss, 0.0372, 0.8312, (1.9884203475005187, -10.249339333190598, 293.0311965317294)
chi2, 0.0374, 0.8280, (1.912099376721632, 0.9999998217130477, 219.82785405974607)
genhyperbolic, 0.0375, 0.8259, (0.4423773223388334, 3.3828831734018343, 3.3523616969095644, 0.12865730451124446, 19.210332845001155)
mielke, 0.0394, 0.7766, (1.1248039599885353, 2.0171944766425423, -1.3332819770046598, 433.6781861791296)
erlang, 0.0405, 0.7479, (0.9740089321266531, 0.9999999999999539, 436.6129221279999)
burr, 0.0410, 0.7354, (2.001722370716508, 0.5259273127866319, 0.9280816449530327, 447.56445958949496)
beta, 0.0413, 0.7267, (0.9663515542534011, 187.74328506230057, 0.9999999999999999, 83112.41561851103)
johnsonsb, 0.0424, 0.6965, (3.067958351669236, 0.9019038502472864, -10.394218909968753, 8394.847854528813)
wald, 0.0429, 0.6827, (-49.51970826902647, 466.46833231684485)
genexpon, 0.0438, 0.6561, (1.7324032625935946, 2.293657125124647e-12, 1.5950495394122544, 0.9999999999604852, 743.4621000285281)
expon, 0.0438, 0.6561, (1.0, 429.1507352941176)
laplace_asymmetric, 0.0445, 0.6379, (0.0967730222869359, 11.000000014514082, 40.946207449209524)
exponnorm, 0.0447, 0.6310, (74.95180385027228, 7.289862266041237, 5.641770888872669)
gompertz, 0.0448, 0.6290, (217807499582.66818, 0.9999999997893354, 93721436857063.23)
halfgennorm, 0.0451, 0.6210, (0.8386858355727165, 0.9999999999998657, 320.56224333893573)
genpareto, 0.0452, 0.6196, (0.140363770321674, 0.9999999528368104, 367.915881375778)
lomax, 0.0452, 0.6193, (7.1226772327953825, 0.9999999999876243, 2620.3353421389975)
invgauss, 0.0472, 0.5619, (1.227965320816349, -38.52334869355293, 381.667191709023)
weibull_min, 0.0500, 0.4893, (0.9497552365188913, 0.9999999999999999, 428.40616882662584)
gilbrat, 0.0500, 0.4890, (-17.321582190977573, 276.2578856431395)
johnsonsu, 0.0501, 0.4857, (-5.399857458550358, 0.9865341034007074, -15.902664524645125, 2.2975314827890063)
pearson3, 0.0504, 0.4791, (2.051982236474224, 438.9512776446819, 449.3341210840391)
fisk, 0.0533, 0.4086, (1.5874237828054518, -3.7334267668487646, 263.3701164093816)
ncf, 0.0561, 0.3462, (0.26076652193402483, 4.730529764754891, 8.960698781621945, 0.0008474746464077328, 7.3564423978871005)
norminvgauss, 0.0613, 0.2475, (3.9165882790619806, 3.8645969191928753, -0.4565938168914072, 70.87043516405183)
invgamma, 0.0620, 0.2372, (2.0846292616167084, -88.131417600096, 606.82079915593)
loglaplace, 0.0630, 0.2217, (1.1062761707836248, -0.8374021588466651, 274.8374455479843)
powerlognorm, 0.0632, 0.2175, (4.507799565525051, 1.6034348905603286, -1.5193732909900057, 1387.3404512569919)
genextreme, 0.0644, 0.2003, (-0.5533408742637005, 182.4090573024825, 178.34243503498357)
foldcauchy, 0.0680, 0.1540, (0.7488631283300942, 0.9999999988711679, 215.3237030188784)
levy_stable, 0.0805, 0.0557, (1.122194663347443, 0.999659686958486, 843.7034125751043, 125.8915015143026)
skewcauchy, 0.0861, 0.0332, (0.9842547263077166, 11.382386643479766, 126.71511757251966)
nct, 0.0901, 0.0228, (1.3491950704013962, 1.9554918035962539, -0.2925961521010235, 98.0206538710917)
halfcauchy, 0.0909, 0.0209, (0.9999999993680597, 260.2633205190551)
exponpow, 0.0951, 0.0136, (0.5979311690606521, 0.9999999999999999, 855.11231366326)
nakagami, 0.0977, 0.0103, (0.3444558162689142, 10.999999999999998, 606.0419549589587)
moyal, 0.0993, 0.0087, (203.53381860761993, 154.7532427396593)
chi, 0.1000, 0.0080, (0.7613690495693066, 0.9999999999999998, 685.7827863994415)
halflogistic, 0.1047, 0.0047, (0.9999999999870498, 314.756196486253)
genhalflogistic, 0.1047, 0.0047, (1.5054426506614597e-09, 0.9999999106648803, 314.7624558002028)
genlogistic, 0.1097, 0.0026, (1577.0514727356658, -1697.7071442530414, 264.1964767785929)
gumbel_r, 0.1103, 0.0025, (247.94534356814702, 264.1240036349498)
vonmises_line, 0.1336, 0.0001, (2.5719516233866067, 328.0673632196574, 423.01239635991396)
ncx2, 0.1446, 0.0000, (0.3064776179455623, 17.772911841807925, -328.18868090956755, 41.92073127605686)
kstwobign, 0.1560, 0.0000, (-837.2348026697313, 1499.7886551814504)
t, 0.1697, 0.0000, (1.978170666043657, 270.04194523145, 211.6139879044591)
tukeylambda, 0.1758, 0.0000, (-0.4070493433962671, 263.0526972656421, 110.51415000726874)
logistic, 0.1763, 0.0000, (343.54763936739045, 219.26874739008596)
maxwell, 0.1789, 0.0000, (-540.6307210913676, 636.2022552835642)
hypsecant, 0.1826, 0.0000, (318.59196410854634, 256.35823537454417)
rayleigh, 0.1896, 0.0000, (-288.6272006123126, 627.88734086246)
rice, 0.1896, 0.0000, (0.0004613207466505749, -288.62719369303363, 627.8873093376071)
gausshyper, 0.1955, 0.0000, (0.47867428471279905, 1.8654941569902281, 0.8902378018423558, 0.9470428181685524, 0.9999999999999998, 3891.9606443108146)
cauchy, 0.2005, 0.0000, (228.4399234497569, 162.35723344944097)
halfnorm, 0.2005, 0.0000, (0.9999999999538296, 675.2878478010064)
foldnorm, 0.2005, 0.0000, (0.03004340522638714, 0.9999999999931908, 674.9913601140202)
skewnorm, 0.2010, 0.0000, (177.8575750626112, 1.6470006549284268, 674.8768583912808)
laplace, 0.2055, 0.0000, (275.5, 303.56985294117646)
crystalball, 0.2057, 0.0000, (232.60036855935607, 8438.727247974213, 430.37436174415336, 518.6350371613123)
norm, 0.2070, 0.0000, (430.1507352941176, 521.3859458067061)
rdist, 0.2078, 0.0000, (38555.82129163621, 429.5101919223823, 102544.14258134243)
loggamma, 0.2097, 0.0000, (1532.9004774623513, -152311.032238535, 20825.15400622558)
dgamma, 0.2178, 0.0000, (0.8977972538480381, 249.99999999999997, 338.30510249088974)
gennorm, 0.2216, 0.0000, (0.6428414201344648, 211.00000239144538, 121.48758495673161)
levy, 0.2267, 0.0000, (-10.157867585854326, 147.09498639043335)
dweibull, 0.2287, 0.0000, (0.8284992209264685, 209.00000000000006, 273.11504117845084)
bradford, 0.2703, 0.0000, (39.685484364966555, -9.219904271256212, 3704.223962175184)
anglit, 0.2996, 0.0000, (594.6526408705529, 1367.9714228543544)
powerlaw, 0.3250, 0.0000, (0.37810580841219255, 0.9999999999999998, 3695.050254207048)
kappa4, 0.3431, 0.0000, (1.5769647130359477, 0.18296153367703455, -832.9817741943571, 1908.2600920193272)
kappa4, 0.3431, 0.0000, (1.5769647130359477, 0.18296153367703455, -832.9817741943571, 1908.2600920193272)
kappa4, 0.3431, 0.0000, (1.5769647130359477, 0.18296153367703455, -832.9817741943571, 1908.2600920193272)
kappa4, 0.3431, 0.0000, (1.5769647130359477, 0.18296153367703455, -832.9817741943571, 1908.2600920193272)
gumbel_l, 0.3570, 0.0000, (753.6516665216933, 920.9817635650527)
pareto, 0.3721, 0.0000, (0.23125381610384027, -2.781958750940097, 3.7819577211760977)
semicircular, 0.3737, 0.0000, (716.3117908497429, 945.303093861848)
cosine, 0.3968, 0.0000, (845.9727691224916, 917.0998384197285)
truncexpon, 0.4535, 0.0000, (1.3161599967130542, -353.4885107747224, 3075.985078474787)
wrapcauchy, 0.4941, 0.0000, (0.6331554011477898, 0.9890377300465286, 587.920113291231)
triang, 0.5054, 0.0000, (1.268087162067091e-09, 0.9999873026043238, 3713.643450144817)
argus, 0.5277, 0.0000, (1.1220308395400225e-07, -2195.6356016427976, 5897.100894508199)
invweibull, 0.5664, 0.0000, (0.2858612477935969, 0.987734426034696, 2.5779995956293753)
arcsine, 0.5855, 0.0000, (0.9999999999999999, 3751.202251397748)
lognorm, 0.5953, 0.0000, (4.943473840221678, 0.9999999998713472, 5.28236430450074)
levy_l, 0.6191, 0.0000, (3825.396250641271, 2936.8775622850585)
uniform, 0.6676, 0.0000, (1.0, 3694.0)
ksone, 0.6751, 0.0000, (1.0000005222213304, 0.9413725336588987, 3812.31378516559)
alpha, 0.6870, 0.0000, (1.1942741733388165e-11, -0.040975494375871016, 16.93048649365958)
trapezoid, 0.8310, 0.0000, (1.0, 1.0, -386.82000000000005, 4432.8)
weibull_max, 0.8430, 0.0000, (0.10061830742217176, 3695.0000000000005, 1.7849497671697263)
gamma, 0.9960, 0.0000, (0.008778255259694407, 0.9999999999999999, 4.553738296882962)
loguniform, 1.0000, 0.0000, (0.7639623502170223, 1.9145791600381132, -0.00027673287280948334, 0.522452533565176)
powernorm, 1.0000, 0.0000, (1.1068038365894188e-05, -288.8034692144879, 2.088254321996704)
reciprocal, 1.0000, 0.0000, (0.7639623502170223, 1.9145791600381132, -0.00027673287280948334, 0.522452533565176)
truncnorm, 1.0000, 0.0000, (0.7639623502170223, 1.9145791600381132, -0.00027673287280948334, 0.522452533565176)
truncnorm, 1.0000, 0.0000, (0.7639623502170223, 1.9145791600381132, -0.00027673287280948334, 0.522452533565176)
vonmises, 1204419991486709579268380164096.0000, 0.0000, (1.9663448892497286, 174.74264256195187, 4.651752406569555e-28)
