#name, statistic, pvalue, params
johnsonsu, 0.0531, 0.8872, (-0.7085015990466741, 1.2364802439940132, 88.93612148157342, 50.45156319844945)
skewcauchy, 0.0559, 0.8486, (0.27418471192825355, 104.3653115890991, 29.36569923097619)
levy_stable, 0.0615, 0.7579, (1.6203415616190378, 0.9999836477010402, 136.40459320101593, 34.979832260078126)
laplace_asymmetric, 0.0637, 0.7200, (0.6741791022549337, 97.9999999958739, 41.80476661473968)
laplace, 0.0656, 0.6855, (122.0, 47.54385964912281)
fisk, 0.0662, 0.6755, (4.968856215155888, -41.978832536665614, 161.8162879994672)
hypsecant, 0.0663, 0.6735, (121.9995535699401, 40.400671532465694)
foldcauchy, 0.0665, 0.6697, (3.088419752052441, 17.999999979260615, 32.012947327808234)
gennorm, 0.0666, 0.6667, (0.9349806422054892, 121.0000000412375, 42.95942995139434)
dweibull, 0.0675, 0.6518, (1.0194269942721497, 121.66894759620602, 47.95964730926281)
loglaplace, 0.0720, 0.5711, (2.5751615020069565, -0.3582178394706508, 123.35820489074908)
burr, 0.0722, 0.5674, (4.422169091297372, 0.616200936044111, -1.9002354722063313, 143.5055936568583)
mielke, 0.0731, 0.5509, (2.6317729964367373, 4.394926550759723, 0.06096252728121629, 142.8328375147532)
dgamma, 0.0732, 0.5488, (1.1241698570224217, 120.0029416865845, 42.308012570263905)
nct, 0.0750, 0.5192, (5.963535348067289, 2.882152628192078, -0.11915927523088934, 39.63421411623625)
exponnorm, 0.0763, 0.4968, (1.7688916046601797, 74.42234628449938, 32.45092797036868)
logistic, 0.0778, 0.4717, (123.7147600600642, 34.62562326975247)
burr12, 0.0789, 0.4539, (3.147332873859312, 1.5038657832189357, -1.0229313778593672, 142.5287140198303)
invweibull, 0.0860, 0.3485, (30.459185442717875, -1444.441205971158, 1545.4970536307908)
genextreme, 0.0864, 0.3433, (-0.03827888794233607, 101.29948968100533, 50.442612728929646)
invgamma, 0.0865, 0.3413, (13.422454474605862, -95.55380178573083, 2821.166994222892)
genlogistic, 0.0867, 0.3391, (15.77115819807787, -31.2603218280655, 49.15567930909131)
gumbel_r, 0.0883, 0.3177, (101.97990348884093, 51.19320215916634)
exponweib, 0.0886, 0.3134, (136.09000499963315, 0.9119311395890612, -129.22285785802606, 40.2187360396933)
johnsonsb, 0.0900, 0.2963, (12.194732314510443, 2.69624415761953, -45.05595874236907, 15376.719443484868)
norminvgauss, 0.0919, 0.2734, (10.531313259985133, 9.07947777473408, -0.5496771646836504, 77.79463006088542)
studentized_range, 0.0926, 0.2661, (4.3716275342158415, 7.471002678813138, -0.34845300049827177, 54.48009483359309)
cauchy, 0.0927, 0.2641, (117.62513002086071, 29.871168589880277)
gengamma, 0.0931, 0.2595, (14.794902582900765, 0.5975170409863497, -20.28892968590028, 1.6072326674264898)
gengamma, 0.0931, 0.2595, (14.794902582900765, 0.5975170409863497, -20.28892968590028, 1.6072326674264898)
betaprime, 0.0952, 0.2377, (4.817394266290881, 29.736545487197503, -3.9314506775136504, 809.1751045871883)
ncf, 0.0956, 0.2328, (1.5287455562157275, 25.171690738364255, 22.593815168106907, -0.2599624785652409, 7.677272032670366)
fatiguelife, 0.0962, 0.2275, (0.35644275581405527, -52.69014567548302, 173.50144874214584)
recipinvgauss, 0.0965, 0.2244, (0.1354215215210014, -50.21829915555044, 21.712220391112194)
f, 0.0980, 0.2091, (19.57775628564034, 34.02122790539012, -30.732298940032848, 151.61408808765765)
genhyperbolic, 0.1014, 0.1791, (4.288826592022798, 0.7068830729316582, 0.6500397969797729, -0.009664227260762015, 1.8212183463429918)
pearson3, 0.1015, 0.1785, (0.9630487056034807, 131.82453668205403, 66.43818500371616)
gamma, 0.1015, 0.1785, (4.312849047466603, -6.150332383580708, 31.991586067180585)
chi2, 0.1015, 0.1785, (8.625693239515597, -6.150272107883639, 15.995798990400848)
erlang, 0.1015, 0.1785, (4.312846796316297, -6.1503109470366955, 31.991605098903968)
beta, 0.1015, 0.1780, (4.299505833839593, 94248955334.58405, -6.0174379872677015, 3021907516856.954)
moyal, 0.1016, 0.1771, (91.82307805661178, 33.72786849365731)
vonmises_line, 0.1063, 0.1415, (3.0294296372918046, 126.22522871181799, 99.24099196378305)
kstwobign, 0.1150, 0.0907, (-89.95326677303103, 257.4030519672137)
geninvgauss, 0.1198, 0.0699, (2.877132072466771, 7.313534675468277e-07, 7.78560436430055, 1.5764093864722615e-05)
skewnorm, 0.1268, 0.0466, (3.6314902885416394, 55.34398989648272, 103.87484974092888)
nakagami, 0.1292, 0.0404, (0.8735232432403037, 12.813399794341855, 138.21851792812816)
rayleigh, 0.1339, 0.0304, (8.031729109385305, 100.66124227031251)
rice, 0.1339, 0.0304, (0.00022378525578598492, 8.031732233550592, 100.6612404712873)
maxwell, 0.1402, 0.0204, (-17.900240277282343, 95.49558262306385)
gausshyper, 0.1497, 0.0108, (3.3493513272776956, 6.384488075081945, -3.68699015196599, -0.9999999999999059, -18.095468676526544, 616.7000595539183)
t, 0.1603, 0.0050, (40616.91010571763, 131.82028690620226, 70.28426956892608)
norm, 0.1603, 0.0050, (131.82456140350877, 70.29015623402842)
crystalball, 0.1603, 0.0050, (11526.864304866336, 15324.177655820635, 131.82456358612552, 70.29015472097092)
rdist, 0.1608, 0.0048, (20951.52565486978, 131.90810292412957, 10180.78120257899)
loggamma, 0.1667, 0.0031, (1747.9429674637086, -22596.55346484171, 3044.305672205677)
invgauss, 0.1718, 0.0021, (0.39920928980876846, -0.9199699466368187, 328.71373807044154)
genhalflogistic, 0.1790, 0.0011, (0.14767412772445787, 17.99999999996399, 91.91958768875483)
wald, 0.1838, 0.0008, (5.918270640112406, 155.90111230352142)
kappa3, 0.1853, 0.0007, (4.820986933666694, 17.999999822248284, 130.1605410259404)
gilbrat, 0.1870, 0.0006, (13.584352839925838, 97.6582472103419)
halfnorm, 0.1945, 0.0003, (17.99999999988404, 133.77864351411716)
alpha, 0.1961, 0.0003, (1.843872042351753e-10, -0.20640915532290816, 76.70023237602449)
genpareto, 0.2033, 0.0001, (-0.2998545072659061, 17.99999999974804, 143.8335828596281)
kappa4, 0.2046, 0.0001, (1.2960460286801534, 0.5444455008697655, -47.49084868942121, 270.79769667282136)
kappa4, 0.2046, 0.0001, (1.2960460286801534, 0.5444455008697655, -47.49084868942121, 270.79769667282136)
kappa4, 0.2046, 0.0001, (1.2960460286801534, 0.5444455008697655, -47.49084868942121, 270.79769667282136)
kappa4, 0.2046, 0.0001, (1.2960460286801534, 0.5444455008697655, -47.49084868942121, 270.79769667282136)
halfcauchy, 0.2131, 0.0001, (17.999999998379586, 98.20811922245495)
tukeylambda, 0.2144, 0.0000, (1.0280997759720507, 136.9981121114891, 122.34581427842929)
halflogistic, 0.2171, 0.0000, (17.999999999873758, 77.87628942385217)
gumbel_l, 0.2197, 0.0000, (171.8153210081628, 98.78250351930161)
lomax, 0.2502, 0.0000, (84800769.38224143, 17.999999959022247, 9701315896.172024)
expon, 0.2518, 0.0000, (18.0, 113.82456140350877)
genexpon, 0.2518, 0.0000, (0.023563140923049376, 0.00011360064895034837, 2.543331093601726, 17.99997111252319, 2.6947538094936183)
bradford, 0.2962, 0.0000, (3.2634592574822747, 17.99998022879099, 420.0000301062714)
triang, 0.3083, 0.0000, (0.16746722011260468, 4.4352447226126825, 439.2785359900903)
powerlognorm, 0.3120, 0.0000, (0.003385029994184851, 0.09841531146021087, 8.140162071515466, 10.601953398388591)
truncexpon, 0.3162, 0.0000, (1.3217398992738616, 17.999988031158985, 317.7655062074027)
cosine, 0.3220, 0.0000, (164.18862887168982, 89.80651568386224)
halfgennorm, 0.3406, 0.0000, (0.3570268791563417, 17.99999999999735, 5.129245716906303)
powerlaw, 0.3684, 0.0000, (0.8687962127090982, -24.87686937171994, 462.8768693983477)
levy, 0.3718, 0.0000, (11.435143810750194, 73.19197522596048)
anglit, 0.3903, 0.0000, (187.22640380334087, 323.75507864294696)
arcsine, 0.4080, 0.0000, (-22.764243644287337, 460.7642436442874)
pareto, 0.4119, 0.0000, (0.5395707048626298, -0.04776583776426194, 18.0477655901364)
semicircular, 0.4128, 0.0000, (192.38255387988193, 192.1637330354345)
argus, 0.4480, 0.0000, (7.834827703838611e-07, -129.5136353245431, 569.0207932004187)
wrapcauchy, 0.4559, 0.0000, (4.1650698618759396e-07, 6.39213639204902, 68.69253107536264)
ksone, 0.4717, 0.0000, (1.03649444572956, 17.999967409072156, 420.0000453964135)
uniform, 0.4717, 0.0000, (18.0, 420.0)
levy_l, 0.5620, 0.0000, (455.0172299751319, 262.92233356226416)
lognorm, 0.6543, 0.0000, (0.36143416127339434, -47.25747364521277, 167.52249273568628)
trapezoid, 0.7002, 0.0000, (1.0, 1.0, -25.200000000000003, 504.0)
weibull_min, 0.7408, 0.0000, (0.24844883557577624, 17.999999999999996, 5.1525903313042765)
exponpow, 0.8393, 0.0000, (0.11786485620773673, 17.999999999999996, 6.602835272698275)
weibull_max, 0.8407, 0.0000, (0.16078312436517256, 438.00000000000006, 1.6118592275172057)
ncx2, 0.9169, 0.0000, (0.009096478085593534, 1.3291606436126824, 17.999999999999996, 3.572148365833237)
powernorm, 0.9561, 0.0000, (5.251079860392302e-05, 8.07375784470159, 0.7301729663312029)
gompertz, 0.9659, 0.0000, (2.913340145772791e-06, 206.85558354010124, 15.214868361341694)
chi, 0.9807, 0.0000, (0.01424816302345927, 17.999999999999996, 8.01829059594272)
foldnorm, 1.0000, 0.0000, (1.3053444453258112, -28.968462991785167, 3.902134995832234e-30)
loguniform, 1.0000, 0.0000, (0.9015482215897133, 1.6009849280375819, 0.0021890907748951093, 7.134297062689321e-31)
reciprocal, 1.0000, 0.0000, (0.9015482215897133, 1.6009849280375819, 0.0021890907748951093, 7.134297062689321e-31)
truncnorm, 0.58388352360062, 1.8240737663423756e-37, (-1449.5435737010985, 2.9076844345140564, 0.23366087509726233, 150.5549687334155)
vonmises, 8936958413105722978190512619520.0000, 0.0000, (1.7265827068053783, 72.52667796558998, 6.508577424360938e-30)
